Cleared 39901 tiles containing 1178424 rubble and escaped.
First tiles cleared:
45 at [500,500]
35 at [501,500]
26 at [502,500]
42 at [502,501]
43 at [500,499]
16 at [499,499]
47 at [500,501]
17 at [500,502]
66 at [501,499]
63 at [501,498]
8 at [502,498]
19 at [501,497]
53 at [503,498]
15 at [503,497]
39 at [504,498]
35 at [505,498]
51 at [504,499]
59 at [501,496]
25 at [502,496]
40 at [502,495]
24 at [502,494]
10 at [502,493]
10 at [501,494]
29 at [503,493]
3 at [504,493]
30 at [504,492]
21 at [504,491]
3 at [504,490]
1 at [503,490]
4 at [505,490]
8 at [502,490]
17 at [506,490]
24 at [503,489]
29 at [505,492]
33 at [501,493]
9 at [501,492]
6 at [500,492]
18 at [500,491]
29 at [500,490]
2 at [500,489]
4 at [499,490]
35 at [505,491]
45 at [502,489]
9 at [502,488]
18 at [502,487]
17 at [502,486]
45 at [499,492]
1 at [499,493]
6 at [498,492]
7 at [499,494]
30 at [498,494]
36 at [499,495]
26 at [500,495]
45 at [498,493]
45 at [500,493]
46 at [501,488]
46 at [497,493]
46 at [501,495]
48 at [501,487]
48 at [500,487]
11 at [500,486]
43 at [500,485]
31 at [501,485]
37 at [500,484]
22 at [499,484]
37 at [500,483]
31 at [500,482]
14 at [500,481]
14 at [501,482]
43 at [499,485]
17 at [498,485]
12 at [497,485]
46 at [496,485]
24 at [495,485]
16 at [494,485]
14 at [493,485]
25 at [494,484]
28 at [495,484]
10 at [495,483]
6 at [496,483]
11 at [495,482]
33 at [496,484]
39 at [496,482]
42 at [496,481]
25 at [496,480]
7 at [496,479]
42 at [494,486]
20 at [494,487]
43 at [492,485]
44 at [495,486]
47 at [501,481]
20 at [502,481]
17 at [502,480]
8 at [503,480]
22 at [502,479]
15 at [502,478]
26 at [503,481]
32 at [501,479]
48 at [493,487]
2 at [493,488]
49 at [497,479]
14 at [497,478]
18 at [498,479]
38 at [499,479]
14 at [499,480]
49 at [504,480]
4 at [504,479]
47 at [505,480]
49 at [504,478]
20 at [505,478]
2 at [506,478]
25 at [507,478]
6 at [507,477]
9 at [508,478]
12 at [508,479]
1 at [508,480]
4 at [508,481]
21 at [507,476]
26 at [509,479]
26 at [508,482]
22 at [507,482]
25 at [508,483]
32 at [509,480]
33 at [507,479]
33 at [509,481]
33 at [509,483]
36 at [510,479]
38 at [505,477]
34 at [505,476]
15 at [504,476]
39 at [510,480]
24 at [511,480]
21 at [512,480]
7 at [512,481]
31 at [511,482]
34 at [510,482]
40 at [511,483]
33 at [511,484]
6 at [510,484]
17 at [510,485]
4 at [509,485]
41 at [503,476]
27 at [502,476]
4 at [502,475]
16 at [502,474]
3 at [503,474]
8 at [501,474]
18 at [502,473]
44 at [503,473]
17 at [503,472]
23 at [504,473]
2 at [505,473]
32 at [505,472]
43 at [505,471]
8 at [506,471]
15 at [504,471]
3 at [504,470]
15 at [503,470]
5 at [503,469]
4 at [502,469]
20 at [507,471]
35 at [507,470]
25 at [507,469]
34 at [508,470]
36 at [501,469]
5 at [501,468]
37 at [506,470]
44 at [503,477]
44 at [509,484]
45 at [512,479]
33 at [513,479]
34 at [514,479]
35 at [515,479]
29 at [515,478]
8 at [516,478]
14 at [518,478]
36 at [517,479]
46 at [504,472]
49 at [506,482]
11 at [506,481]
49 at [497,486]
18 at [497,487]
2 at [497,488]
12 at [498,488]
1 at [499,488]
18 at [497,489]
25 at [498,489]
40 at [497,490]
9 at [497,491]
34 at [496,491]
49 at [493,489]
45 at [493,490]
4 at [492,490]
27 at [491,490]
7 at [491,491]
46 at [490,490]
22 at [490,489]
15 at [489,489]
35 at [489,488]
40 at [489,487]
15 at [489,486]
23 at [489,485]
6 at [490,485]
29 at [490,484]
16 at [491,484]
12 at [491,483]
4 at [493,483]
25 at [490,483]
21 at [490,482]
5 at [490,481]
1 at [490,480]
33 at [493,482]
40 at [488,488]
19 at [487,488]
6 at [486,488]
23 at [487,489]
47 at [491,489]
48 at [491,492]
49 at [501,491]
50 at [500,468]
50 at [517,477]
50 at [507,481]
50 at [492,482]
51 at [502,468]
15 at [502,467]
51 at [501,483]
13 at [502,483]
44 at [503,483]
51 at [498,490]
51 at [503,491]
52 at [511,485]
7 at [511,486]
7 at [511,487]
20 at [512,485]
24 at [511,488]
13 at [512,488]
27 at [512,486]
44 at [513,486]
2 at [513,487]
45 at [510,488]
18 at [510,489]
15 at [510,490]
51 at [512,489]
1 at [512,490]
51 at [513,490]
7 at [513,491]
19 at [514,490]
17 at [515,490]
26 at [513,492]
6 at [512,492]
9 at [511,492]
10 at [511,493]
10 at [510,494]
5 at [510,495]
20 at [511,495]
22 at [510,496]
3 at [509,496]
2 at [509,497]
4 at [510,497]
4 at [510,498]
14 at [508,497]
19 at [509,498]
21 at [506,497]
21 at [506,496]
26 at [509,499]
4 at [508,499]
8 at [507,499]
8 at [506,499]
27 at [509,494]
1 at [509,493]
27 at [510,499]
5 at [510,500]
28 at [511,499]
18 at [512,499]
28 at [513,499]
4 at [513,500]
12 at [514,499]
15 at [514,498]
33 at [515,498]
34 at [509,500]
34 at [512,500]
34 at [514,500]
29 at [515,500]
9 at [515,501]
13 at [516,501]
7 at [516,502]
6 at [516,503]
10 at [516,504]
6 at [515,504]
34 at [516,500]
35 at [515,505]
36 at [514,505]
8 at [514,506]
38 at [517,499]
39 at [511,500]
18 at [511,501]
40 at [509,492]
13 at [508,492]
31 at [508,491]
35 at [507,492]
19 at [507,493]
40 at [509,491]
40 at [506,495]
27 at [506,494]
11 at [505,494]
40 at [515,497]
40 at [513,505]
20 at [513,504]
22 at [513,503]
11 at [514,503]
25 at [512,505]
41 at [514,501]
42 at [515,506]
10 at [516,506]
24 at [516,507]
29 at [517,506]
30 at [517,507]
10 at [518,507]
39 at [519,507]
6 at [519,508]
33 at [519,506]
18 at [519,505]
33 at [519,504]
20 at [518,504]
27 at [518,503]
37 at [520,505]
39 at [519,503]
39 at [520,508]
20 at [520,509]
25 at [521,508]
8 at [521,507]
34 at [521,509]
41 at [521,510]
18 at [521,511]
21 at [522,511]
8 at [523,511]
38 at [522,512]
41 at [523,509]
41 at [523,512]
5 at [524,512]
16 at [524,513]
27 at [523,513]
43 at [513,493]
41 at [514,493]
43 at [521,505]
11 at [521,503]
10 at [522,503]
32 at [523,503]
17 at [523,502]
20 at [523,501]
5 at [522,501]
16 at [524,501]
31 at [524,500]
33 at [523,504]
36 at [524,503]
17 at [525,503]
32 at [525,502]
37 at [525,500]
7 at [525,499]
24 at [526,500]
2 at [526,501]
12 at [527,500]
7 at [528,500]
2 at [528,499]
11 at [529,500]
7 at [529,501]
18 at [529,499]
10 at [529,498]
3 at [529,497]
26 at [530,498]
28 at [527,501]
37 at [521,502]
34 at [520,502]
41 at [527,499]
41 at [521,501]
42 at [526,499]
42 at [525,501]
44 at [508,493]
45 at [514,491]
46 at [513,502]
46 at [512,506]
33 at [511,506]
46 at [522,510]
48 at [517,505]
48 at [518,508]
48 at [524,510]
1 at [525,510]
49 at [512,494]
49 at [513,494]
46 at [513,495]
14 at [513,496]
29 at [514,496]
32 at [514,495]
31 at [515,495]
49 at [518,502]
49 at [522,508]
51 at [515,496]
17 at [516,496]
16 at [517,496]
26 at [518,496]
22 at [518,495]
49 at [517,497]
51 at [513,498]
51 at [528,498]
51 at [528,501]
9 at [528,502]
48 at [528,503]
31 at [528,504]
32 at [528,505]
2 at [529,505]
32 at [528,506]
34 at [528,507]
37 at [529,507]
39 at [529,503]
46 at [530,507]
3 at [530,506]
6 at [531,506]
11 at [532,506]
43 at [533,506]
12 at [533,507]
1 at [533,508]
18 at [534,507]
24 at [534,506]
35 at [532,508]
5 at [532,509]
41 at [533,509]
15 at [533,510]
43 at [531,509]
25 at [531,510]
45 at [534,509]
47 at [535,507]
46 at [535,508]
48 at [530,505]
48 at [532,507]
49 at [535,509]
12 at [535,510]
51 at [515,503]
51 at [517,508]
23 at [517,509]
51 at [518,509]
12 at [518,510]
24 at [519,510]
37 at [519,511]
34 at [519,512]
51 at [523,515]
17 at [523,516]
22 at [524,516]
27 at [524,515]
18 at [526,515]
2 at [527,515]
35 at [524,517]
43 at [528,515]
6 at [528,516]
11 at [529,515]
25 at [528,517]
3 at [528,518]
11 at [527,517]
14 at [529,518]
15 at [528,520]
19 at [528,521]
22 at [526,517]
40 at [527,521]
21 at [526,521]
25 at [526,520]
1 at [526,519]
43 at [528,514]
40 at [528,513]
43 at [527,519]
45 at [529,520]
45 at [528,522]
47 at [527,514]
47 at [530,515]
40 at [530,516]
6 at [531,516]
22 at [530,517]
48 at [527,520]
49 at [532,516]
42 at [532,517]
49 at [525,521]
50 at [525,519]
37 at [525,518]
50 at [524,519]
50 at [524,521]
36 at [524,522]
7 at [524,523]
50 at [525,522]
52 at [515,494]
52 at [522,504]
52 at [526,516]
53 at [500,469]
36 at [499,469]
47 at [499,470]
33 at [499,471]
51 at [498,469]
40 at [497,469]
1 at [497,470]
19 at [496,469]
3 at [496,468]
8 at [496,467]
35 at [495,469]
35 at [497,471]
3 at [497,472]
42 at [496,466]
3 at [497,466]
17 at [498,466]
6 at [499,466]
9 at [498,467]
21 at [496,465]
25 at [495,466]
11 at [494,466]
1 at [494,465]
15 at [493,466]
28 at [499,467]
37 at [493,465]
4 at [493,464]
14 at [493,463]
4 at [492,463]
4 at [491,463]
21 at [492,464]
37 at [493,467]
33 at [492,467]
1 at [492,468]
20 at [491,468]
31 at [492,469]
3 at [493,469]
35 at [490,468]
34 at [490,467]
41 at [489,467]
43 at [496,464]
22 at [497,464]
24 at [497,463]
25 at [495,464]
48 at [495,468]
26 at [494,468]
49 at [489,466]
49 at [493,468]
53 at [498,464]
53 at [497,465]
53 at [508,477]
46 at [509,477]
30 at [510,477]
32 at [509,476]
34 at [511,477]
23 at [511,478]
39 at [510,476]
50 at [510,475]
53 at [506,479]
53 at [508,484]
53 at [498,487]
54 at [500,467]
54 at [506,473]
33 at [507,473]
45 at [508,473]
35 at [508,474]
50 at [508,475]
54 at [509,474]
54 at [505,481]
54 at [497,482]
46 at [498,482]
54 at [513,485]
20 at [514,485]
26 at [513,484]
47 at [514,484]
44 at [515,484]
51 at [515,483]
17 at [515,482]
53 at [513,483]
54 at [514,486]
54 at [487,487]
54 at [514,487]
54 at [494,488]
45 at [495,488]
54 at [508,498]
54 at [525,498]
55 at [490,466]
29 at [490,465]
55 at [509,470]
55 at [507,475]
55 at [512,477]
34 at [513,477]
43 at [512,476]
3 at [512,475]
49 at [513,476]
31 at [514,476]
16 at [514,475]
55 at [497,480]
55 at [502,482]
55 at [510,483]
55 at [499,489]
55 at [516,494]
27 at [517,494]
55 at [516,495]
55 at [528,497]
15 at [527,497]
47 at [526,497]
27 at [526,496]
40 at [526,495]
36 at [527,495]
31 at [528,495]
15 at [529,495]
1 at [530,495]
42 at [528,494]
50 at [528,493]
42 at [528,492]
47 at [529,492]
6 at [530,493]
7 at [529,491]
7 at [531,492]
23 at [532,492]
30 at [531,491]
37 at [529,490]
3 at [529,489]
38 at [531,490]
6 at [532,490]
38 at [532,489]
34 at [532,488]
39 at [530,490]
47 at [533,490]
32 at [533,491]
27 at [534,491]
49 at [528,491]
51 at [532,491]
53 at [527,492]
6 at [526,492]
1 at [525,492]
32 at [526,491]
36 at [525,493]
38 at [524,493]
46 at [524,492]
46 at [523,492]
28 at [522,492]
14 at [522,491]
33 at [522,493]
7 at [522,494]
28 at [522,495]
7 at [522,496]
31 at [521,496]
34 at [521,492]
46 at [523,494]
48 at [520,496]
40 at [520,495]
39 at [520,494]
50 at [525,491]
45 at [525,490]
52 at [521,493]
53 at [521,494]
53 at [531,495]
16 at [531,496]
21 at [531,497]
27 at [532,495]
32 at [532,496]
50 at [532,497]
18 at [533,497]
9 at [533,498]
18 at [534,498]
50 at [534,497]
53 at [534,496]
16 at [535,496]
55 at [524,491]
55 at [527,498]
55 at [529,508]
29 at [529,509]
55 at [530,510]
41 at [530,511]
54 at [530,512]
4 at [530,513]
15 at [529,512]
48 at [531,513]
52 at [532,513]
43 at [532,514]
52 at [532,512]
3 at [533,512]
10 at [534,512]
52 at [531,514]
55 at [525,512]
55 at [523,521]
33 at [523,520]
47 at [522,521]
36 at [522,522]
56 at [499,464]
52 at [500,464]
4 at [500,463]
6 at [500,465]
36 at [501,465]
56 at [510,474]
11 at [510,473]
26 at [510,472]
31 at [511,474]
36 at [510,471]
54 at [509,472]
56 at [515,485]
56 at [510,487]
46 at [509,487]
7 at [508,487]
12 at [508,488]
13 at [508,489]
27 at [507,487]
16 at [507,486]
22 at [506,486]
8 at [506,485]
27 at [506,484]
39 at [507,488]
25 at [506,488]
41 at [507,489]
43 at [505,484]
27 at [505,483]
44 at [508,486]
56 at [491,488]
56 at [495,489]
56 at [510,493]
56 at [520,497]
29 at [520,498]
3 at [520,499]
56 at [524,499]
16 at [523,499]
27 at [523,498]
31 at [523,497]
51 at [522,498]
56 at [521,500]
56 at [511,502]
17 at [511,503]
27 at [511,504]
46 at [510,502]
54 at [510,503]
20 at [509,503]
17 at [509,504]
49 at [508,503]
19 at [508,502]
38 at [507,502]
25 at [507,501]
41 at [506,501]
35 at [505,501]
17 at [504,501]
8 at [504,502]
56 at [526,518]
56 at [527,522]
29 at [527,523]
34 at [527,524]
13 at [526,525]
15 at [527,525]
18 at [525,524]
19 at [525,525]
44 at [526,523]
54 at [525,526]
38 at [525,527]
10 at [524,527]
19 at [523,527]
24 at [522,527]
11 at [522,528]
23 at [522,526]
7 at [521,526]
27 at [522,525]
11 at [523,525]
24 at [522,524]
29 at [523,526]
30 at [521,525]
30 at [520,525]
15 at [520,524]
23 at [520,523]
33 at [521,524]
33 at [519,525]
12 at [519,526]
40 at [518,526]
42 at [517,526]
14 at [516,526]
21 at [517,525]
40 at [515,526]
38 at [515,527]
27 at [515,528]
31 at [514,528]
24 at [514,529]
1 at [514,530]
35 at [513,530]
39 at [514,527]
25 at [513,527]
41 at [517,524]
43 at [513,529]
22 at [512,529]
46 at [519,523]
46 at [516,524]
30 at [516,523]
5 at [515,523]
14 at [514,523]
7 at [514,524]
9 at [514,522]
4 at [514,521]
32 at [513,521]
12 at [512,521]
33 at [515,524]
35 at [513,523]
2 at [512,523]
36 at [512,524]
40 at [515,521]
42 at [512,525]
43 at [511,521]
46 at [515,522]
48 at [513,528]
49 at [515,525]
50 at [518,523]
50 at [514,525]
50 at [516,525]
50 at [524,528]
31 at [524,529]
50 at [514,531]
47 at [514,532]
30 at [513,532]
30 at [513,533]
7 at [512,533]
14 at [511,533]
15 at [511,534]
3 at [511,535]
6 at [512,535]
3 at [512,536]
12 at [510,535]
16 at [513,534]
33 at [514,533]
33 at [512,534]
35 at [512,537]
37 at [511,536]
40 at [511,532]
11 at [510,532]
37 at [511,531]
21 at [512,531]
44 at [512,538]
3 at [511,538]
19 at [512,539]
6 at [512,540]
20 at [513,538]
24 at [512,541]
37 at [511,540]
6 at [510,540]
12 at [509,540]
39 at [508,540]
4 at [507,540]
25 at [507,539]
25 at [508,539]
33 at [506,539]
37 at [506,540]
46 at [506,538]
2 at [506,537]
26 at [505,537]
44 at [504,537]
9 at [504,536]
29 at [503,537]
31 at [502,537]
9 at [501,537]
8 at [501,538]
19 at [502,538]
9 at [502,539]
6 at [502,540]
33 at [504,535]
6 at [504,534]
17 at [503,535]
34 at [501,539]
34 at [503,540]
3 at [504,540]
21 at [504,539]
21 at [504,541]
14 at [505,541]
9 at [505,542]
2 at [506,542]
26 at [505,543]
34 at [504,543]
10 at [503,543]
6 at [502,543]
9 at [502,544]
6 at [501,544]
20 at [504,544]
35 at [502,535]
36 at [502,536]
38 at [501,540]
26 at [500,540]
10 at [500,541]
22 at [499,540]
33 at [498,540]
1 at [498,539]
8 at [497,540]
40 at [504,538]
40 at [498,541]
40 at [504,542]
43 at [505,544]
7 at [505,545]
41 at [506,545]
30 at [507,545]
29 at [508,545]
14 at [509,544]
19 at [510,544]
7 at [511,544]
8 at [511,543]
7 at [512,543]
11 at [510,543]
8 at [510,542]
20 at [510,545]
26 at [508,546]
28 at [509,543]
29 at [510,546]
28 at [511,546]
34 at [508,543]
14 at [508,542]
34 at [507,544]
35 at [513,543]
20 at [514,543]
29 at [514,544]
33 at [515,544]
2 at [516,544]
1 at [517,544]
3 at [516,545]
10 at [516,543]
19 at [516,542]
4 at [516,541]
20 at [516,540]
20 at [517,541]
20 at [518,544]
10 at [518,545]
8 at [519,545]
6 at [519,546]
23 at [516,539]
23 at [515,541]
25 at [517,545]
27 at [514,541]
30 at [519,547]
37 at [515,545]
41 at [514,545]
41 at [507,546]
45 at [515,539]
36 at [515,538]
3 at [515,537]
45 at [503,544]
45 at [508,547]
45 at [510,547]
43 at [510,548]
25 at [509,548]
19 at [509,549]
46 at [499,539]
46 at [505,540]
47 at [512,532]
47 at [510,538]
47 at [516,538]
47 at [518,543]
22 at [518,542]
48 at [501,535]
30 at [500,535]
13 at [499,535]
5 at [499,534]
19 at [500,534]
21 at [498,535]
36 at [499,536]
29 at [499,537]
11 at [498,537]
35 at [497,537]
42 at [500,533]
26 at [501,533]
37 at [502,533]
41 at [502,532]
31 at [502,531]
13 at [502,530]
27 at [502,529]
21 at [502,528]
5 at [502,527]
28 at [503,529]
28 at [501,531]
30 at [503,531]
42 at [501,530]
20 at [500,530]
34 at [500,529]
10 at [499,529]
23 at [499,528]
44 at [499,530]
6 at [498,530]
9 at [497,530]
3 at [496,530]
33 at [497,529]
44 at [499,531]
45 at [504,529]
48 at [506,536]
16 at [506,535]
25 at [506,534]
34 at [506,533]
9 at [506,532]
48 at [502,542]
17 at [501,542]
48 at [509,542]
48 at [514,546]
22 at [514,547]
26 at [513,547]
46 at [512,547]
35 at [512,548]
18 at [512,549]
7 at [512,550]
43 at [511,549]
43 at [513,549]
5 at [514,549]
48 at [511,547]
49 at [514,534]
49 at [511,537]
49 at [509,538]
49 at [513,541]
50 at [510,531]
50 at [500,537]
51 at [500,528]
Last tiles cleared:
8 at [207,0]
25 at [207,1]
32 at [207,2]
47 at [208,2]
38 at [212,5]
20 at [213,4]
20 at [212,4]
9 at [211,3]
34 at [211,4]
44 at [210,4]
4 at [210,2]
4 at [209,2]
44 at [209,3]
42 at [209,4]
5 at [210,5]
5 at [209,5]
56 at [209,6]
51 at [208,6]
29 at [207,6]
2 at [206,7]
14 at [207,7]
49 at [208,7]
15 at [206,9]
38 at [207,9]
27 at [209,7]
22 at [209,8]
9 at [208,9]
16 at [209,9]
53 at [209,10]
56 at [210,10]
2 at [230,34]
42 at [230,33]
55 at [231,33]
55 at [222,32]
55 at [211,19]
30 at [205,21]
47 at [205,20]
14 at [204,20]
45 at [204,19]
31 at [205,19]
14 at [206,19]
36 at [206,18]
25 at [207,16]
55 at [207,18]
55 at [216,16]
55 at [208,15]
55 at [216,14]
54 at [227,55]
54 at [219,48]
54 at [227,33]
18 at [218,28]
54 at [219,28]
54 at [212,23]
19 at [210,22]
10 at [211,22]
51 at [212,22]
14 at [216,22]
16 at [215,22]
40 at [214,22]
14 at [213,22]
18 at [213,21]
1 at [214,21]
53 at [214,20]
44 at [221,20]
13 at [220,19]
52 at [220,20]
38 at [215,20]
52 at [216,20]
52 at [210,19]
52 at [215,16]
11 at [216,19]
51 at [217,19]
50 at [215,18]
30 at [209,12]
9 at [210,11]
18 at [210,12]
14 at [209,13]
20 at [209,14]
13 at [209,15]
50 at [210,15]
21 at [212,13]
45 at [212,14]
23 at [213,14]
14 at [214,14]
20 at [214,15]
47 at [213,15]
49 at [213,16]
49 at [218,14]
20 at [222,29]
9 at [222,28]
48 at [221,28]
46 at [219,18]
31 at [209,17]
18 at [208,18]
42 at [209,18]
38 at [210,18]
45 at [211,18]
29 at [210,16]
18 at [211,15]
34 at [211,16]
17 at [212,16]
6 at [212,17]
43 at [212,18]
40 at [214,19]
21 at [211,20]
17 at [212,20]
36 at [212,19]
21 at [213,19]
40 at [213,18]
39 at [214,18]
46 at [215,17]
42 at [219,16]
34 at [217,14]
15 at [220,17]
32 at [219,17]
10 at [216,15]
27 at [217,15]
20 at [217,16]
5 at [216,17]
6 at [217,17]
19 at [218,17]
12 at [218,18]
26 at [218,19]
46 at [218,20]
41 at [220,26]
15 at [220,21]
13 at [217,21]
4 at [219,20]
5 at [219,21]
20 at [218,21]
37 at [218,22]
40 at [218,23]
35 at [218,24]
40 at [219,24]
23 at [219,25]
39 at [219,26]
25 at [219,27]
8 at [221,27]
11 at [220,27]
11 at [220,28]
2 at [220,29]
40 at [219,29]
2 at [219,30]
47 at [219,31]
49 at [219,32]
54 at [219,33]
54 at [228,28]
33 at [226,27]
54 at [227,27]
41 at [211,54]
35 at [211,53]
3 at [213,55]
16 at [212,55]
28 at [212,54]
53 at [212,53]
53 at [211,46]
53 at [223,42]
45 at [224,49]
26 at [223,50]
52 at [224,50]
52 at [228,49]
52 at [226,48]
26 at [228,51]
19 at [229,52]
18 at [228,52]
16 at [229,54]
3 at [230,53]
6 at [229,53]
20 at [228,53]
51 at [227,53]
36 at [227,54]
49 at [226,54]
48 at [226,53]
51 at [225,53]
47 at [224,51]
41 at [224,53]
9 at [222,51]
40 at [222,52]
8 at [221,53]
7 at [222,53]
5 at [223,53]
30 at [223,52]
29 at [224,52]
12 at [225,52]
28 at [225,51]
3 at [225,50]
49 at [226,50]
46 at [230,46]
38 at [228,47]
14 at [230,49]
35 at [230,48]
28 at [226,49]
9 at [227,49]
13 at [227,48]
18 at [228,48]
9 at [229,48]
41 at [229,47]
50 at [229,46]
52 at [229,45]
52 at [215,45]
17 at [220,50]
27 at [219,50]
51 at [219,49]
47 at [213,51]
45 at [213,53]
40 at [213,52]
17 at [214,54]
12 at [214,53]
30 at [214,52]
28 at [215,50]
24 at [214,51]
26 at [214,50]
22 at [211,50]
13 at [212,51]
11 at [213,50]
17 at [212,50]
11 at [212,49]
36 at [211,49]
33 at [209,47]
30 at [210,49]
30 at [210,48]
51 at [210,47]
48 at [210,46]
47 at [220,44]
45 at [220,47]
34 at [210,45]
32 at [211,44]
43 at [211,45]
4 at [212,46]
31 at [212,45]
31 at [213,44]
27 at [213,45]
28 at [214,45]
15 at [213,43]
13 at [214,44]
40 at [214,43]
19 at [214,47]
39 at [215,47]
39 at [215,41]
36 at [214,41]
30 at [214,42]
37 at [215,42]
34 at [219,47]
4 at [217,42]
21 at [216,42]
12 at [216,43]
32 at [216,44]
31 at [221,44]
26 at [218,49]
17 at [218,48]
30 at [217,48]
24 at [219,44]
6 at [218,43]
5 at [218,44]
26 at [218,45]
19 at [215,46]
25 at [216,46]
24 at [216,45]
11 at [217,45]
6 at [217,47]
10 at [217,46]
21 at [218,46]
20 at [219,46]
22 at [220,46]
17 at [221,45]
5 at [221,46]
9 at [222,46]
52 at [222,45]
47 at [220,42]
35 at [223,41]
34 at [223,40]
1 at [224,40]
15 at [224,39]
46 at [223,39]
11 at [223,38]
43 at [222,38]
42 at [219,40]
27 at [222,39]
37 at [221,39]
37 at [218,39]
30 at [219,39]
10 at [221,42]
24 at [221,41]
19 at [221,40]
8 at [220,40]
33 at [220,39]
31 at [221,38]
43 at [220,38]
28 at [222,36]
33 at [221,36]
16 at [219,35]
15 at [219,37]
14 at [220,37]
9 at [220,36]
17 at [220,35]
15 at [220,33]
42 at [220,34]
28 at [221,34]
12 at [222,34]
41 at [222,33]
52 at [223,33]
23 at [224,32]
48 at [223,32]
47 at [222,31]
52 at [223,31]
51 at [224,30]
50 at [232,38]
50 at [231,32]
48 at [235,33]
48 at [228,32]
34 at [227,26]
25 at [229,25]
1 at [228,25]
48 at [228,26]
3 at [225,30]
32 at [225,31]
43 at [226,31]
23 at [226,29]
39 at [227,29]
4 at [226,32]
1 at [227,32]
5 at [227,31]
29 at [228,31]
21 at [228,29]
7 at [228,30]
41 at [229,30]
41 at [231,26]
31 at [231,28]
12 at [230,26]
28 at [230,27]
14 at [228,27]
13 at [229,27]
2 at [229,28]
22 at [230,28]
33 at [230,29]
31 at [230,30]
27 at [230,31]
48 at [231,31]
47 at [233,32]
21 at [235,32]
43 at [235,31]
38 at [233,30]
38 at [232,29]
33 at [234,31]
24 at [232,30]
22 at [233,31]
42 at [232,31]
26 at [232,32]
7 at [232,33]
39 at [233,33]
32 at [232,36]
31 at [232,35]
31 at [233,34]
22 at [234,36]
7 at [234,33]
11 at [234,34]
2 at [235,35]
11 at [234,35]
22 at [233,35]
13 at [233,36]
37 at [233,37]
40 at [233,38]
52 at [233,39]
51 at [227,44]
49 at [223,45]
51 at [223,44]
51 at [224,42]
50 at [227,42]
4 at [222,43]
48 at [223,43]
11 at [224,44]
47 at [224,43]
46 at [229,41]
44 at [227,45]
22 at [225,41]
42 at [225,42]
15 at [225,47]
8 at [225,46]
17 at [225,45]
10 at [226,45]
39 at [226,44]
38 at [226,42]
10 at [225,43]
12 at [226,43]
40 at [227,43]
20 at [227,41]
8 at [229,44]
18 at [228,44]
9 at [228,41]
1 at [228,43]
27 at [228,42]
12 at [229,42]
41 at [230,42]
23 at [233,42]
14 at [231,42]
9 at [231,41]
19 at [232,41]
31 at [232,40]
3 at [233,40]
50 at [234,40]
6 at [237,35]
50 at [237,36]
47 at [237,37]
44 at [235,41]
36 at [235,40]
46 at [236,40]
35 at [236,37]
16 at [235,37]
5 at [235,38]
27 at [236,38]
16 at [236,39]
14 at [237,39]
32 at [237,38]
8 at [238,37]
31 at [238,38]
34 at [239,38]
19 at [240,37]
25 at [240,38]
44 at [240,39]
2 at [242,37]
8 at [242,38]
5 at [241,40]
1 at [241,39]
27 at [242,39]
11 at [243,39]
58 at [244,39]
58 at [272,36]
58 at [278,35]
4 at [246,34]
58 at [247,34]
57 at [161,153]
57 at [194,151]
57 at [208,149]
57 at [186,149]
57 at [204,148]
15 at [209,143]
32 at [209,144]
31 at [208,144]
29 at [209,145]
16 at [210,146]
12 at [209,146]
19 at [208,146]
17 at [208,145]
13 at [207,145]
50 at [207,146]
57 at [206,146]
57 at [187,144]
57 at [189,142]
55 at [184,146]
52 at [185,143]
51 at [187,146]
49 at [186,146]
40 at [184,143]
36 at [181,143]
33 at [185,146]
29 at [184,145]
16 at [182,143]
13 at [183,145]
4 at [182,144]
12 at [183,144]
24 at [184,144]
23 at [185,145]
19 at [186,145]
4 at [185,144]
36 at [186,144]
29 at [188,143]
12 at [185,142]
3 at [186,143]
23 at [186,142]
26 at [187,142]
18 at [188,142]
1 at [187,141]
57 at [188,141]
57 at [187,139]
43 at [189,136]
27 at [188,139]
11 at [188,138]
9 at [189,137]
12 at [189,138]
23 at [189,139]
17 at [188,140]
21 at [189,140]
35 at [189,141]
37 at [190,141]
57 at [190,142]
53 at [243,124]
43 at [242,124]
34 at [241,124]
13 at [241,125]
57 at [240,125]
57 at [211,125]
56 at [214,127]
28 at [221,130]
3 at [220,130]
2 at [220,129]
55 at [221,129]
52 at [218,128]
8 at [218,130]
39 at [218,129]
15 at [216,129]
5 at [217,129]
55 at [217,128]
34 at [209,127]
25 at [209,126]
2 at [210,126]
55 at [211,126]
47 at [217,127]
54 at [216,127]
43 at [211,128]
53 at [211,127]
38 at [212,127]
54 at [212,126]
53 at [215,124]
39 at [216,119]
51 at [215,120]
50 at [213,126]
26 at [215,122]
19 at [214,120]
14 at [214,121]
1 at [213,122]
4 at [214,122]
32 at [214,123]
6 at [212,124]
15 at [212,125]
31 at [213,125]
20 at [214,124]
13 at [215,128]
7 at [215,127]
9 at [215,126]
7 at [214,125]
45 at [215,125]
39 at [217,123]
8 at [222,126]
35 at [221,126]
32 at [221,128]
11 at [221,127]
30 at [220,127]
25 at [219,127]
25 at [220,126]
14 at [219,126]
37 at [219,125]
33 at [216,124]
4 at [216,125]
30 at [217,125]
32 at [218,125]
37 at [218,124]
6 at [221,124]
1 at [220,124]
16 at [220,123]
18 at [219,123]
51 at [218,123]
5 at [218,122]
57 at [218,121]
38 at [219,121]
44 at [219,120]
13 at [220,120]
57 at [220,119]
51 at [221,111]
22 at [220,113]
12 at [221,112]
57 at [221,113]
57 at [217,113]
57 at [224,106]
57 at [249,105]
57 at [238,104]
3 at [240,91]
57 at [240,92]
57 at [235,88]
57 at [231,81]
57 at [248,77]
34 at [250,69]
12 at [249,70]
43 at [249,69]
46 at [248,69]
1 at [249,67]
44 at [248,67]
34 at [248,68]
20 at [247,68]
47 at [246,68]
57 at [245,68]
19 at [272,67]
57 at [272,66]
57 at [242,65]
52 at [267,62]
18 at [266,61]
1 at [268,62]
3 at [267,61]
57 at [267,60]
57 at [253,57]
57 at [273,55]
50 at [246,53]
37 at [247,54]
57 at [246,54]
57 at [275,53]
57 at [250,52]
57 at [247,52]
13 at [236,51]
57 at [236,52]
57 at [231,52]
57 at [274,47]
57 at [259,43]
57 at [254,37]
56 at [239,77]
56 at [233,70]
56 at [222,70]
56 at [242,66]
56 at [227,63]
56 at [258,60]
35 at [226,60]
56 at [227,60]
53 at [238,61]
53 at [238,59]
45 at [245,58]
14 at [245,59]
24 at [244,59]
52 at [243,59]
32 at [239,62]
42 at [239,61]
27 at [238,60]
48 at [239,60]
26 at [240,57]
46 at [240,58]
43 at [237,57]
33 at [242,59]
8 at [243,60]
36 at [242,60]
15 at [241,61]
1 at [241,60]
42 at [240,60]
25 at [240,59]
25 at [238,57]
20 at [239,59]
12 at [239,58]
37 at [238,58]
37 at [236,57]
23 at [237,58]
56 at [236,58]
56 at [254,56]
45 at [272,54]
56 at [272,55]
56 at [260,54]
56 at [274,52]
18 at [250,51]
56 at [251,51]
56 at [232,50]
55 at [271,55]
55 at [267,53]
55 at [278,49]
54 at [273,65]
10 at [269,71]
11 at [269,70]
37 at [270,70]
52 at [270,69]
40 at [271,69]
19 at [271,68]
34 at [270,68]
42 at [270,67]
35 at [268,64]
32 at [267,66]
27 at [271,66]
19 at [267,65]
26 at [268,65]
11 at [270,64]
9 at [270,66]
6 at [269,65]
25 at [270,65]
54 at [271,65]
54 at [272,65]
40 at [282,48]
16 at [282,47]
48 at [281,47]
44 at [282,45]
35 at [281,45]
53 at [281,46]
49 at [280,46]
7 at [279,45]
54 at [279,46]
53 at [275,69]
37 at [278,64]
28 at [278,63]
15 at [277,64]
5 at [276,63]
53 at [275,63]
53 at [273,62]
53 at [270,54]
38 at [268,49]
24 at [269,51]
8 at [269,50]
15 at [268,50]
22 at [267,50]
13 at [266,50]
7 at [267,51]
50 at [266,51]
44 at [266,52]
8 at [264,51]
37 at [265,51]
12 at [265,52]
45 at [265,53]
5 at [264,53]
41 at [264,54]
53 at [265,54]
52 at [271,63]
52 at [274,56]
52 at [266,54]
51 at [275,66]
31 at [276,65]
43 at [275,65]
40 at [275,64]
23 at [273,66]
15 at [275,68]
7 at [274,68]
1 at [274,67]
21 at [274,66]
32 at [274,65]
11 at [274,64]
51 at [273,64]
41 at [267,54]
35 at [268,56]
14 at [270,53]
25 at [269,53]
28 at [269,54]
13 at [270,55]
3 at [268,55]
36 at [267,55]
14 at [265,55]
13 at [266,55]
42 at [266,56]
4 at [267,57]
12 at [266,57]
51 at [266,59]
51 at [269,58]
50 at [273,61]
19 at [272,64]
41 at [272,63]
47 at [272,62]
40 at [272,58]
47 at [271,58]
43 at [270,60]
1 at [267,59]
32 at [268,59]
16 at [269,59]
42 at [270,59]
13 at [270,61]
4 at [271,62]
38 at [271,61]
33 at [272,61]
19 at [271,59]
6 at [271,60]
19 at [272,60]
42 at [273,60]
39 at [275,61]
38 at [274,58]
9 at [274,62]
32 at [274,61]
37 at [274,60]
11 at [275,55]
36 at [275,56]
33 at [274,59]
14 at [277,59]
5 at [277,61]
6 at [277,60]
29 at [276,60]
13 at [275,60]
12 at [275,59]
29 at [275,58]
14 at [275,57]
31 at [276,57]
36 at [277,57]
24 at [277,56]
19 at [278,55]
4 at [277,55]
45 at [277,54]
45 at [280,49]
43 at [277,53]
14 at [279,50]
11 at [279,51]
42 at [278,51]
31 at [275,51]
23 at [276,53]
21 at [276,52]
20 at [276,51]
19 at [277,52]
2 at [277,51]
40 at [277,50]
28 at [280,48]
33 at [279,48]
25 at [278,48]
23 at [276,49]
2 at [277,49]
49 at [277,48]
53 at [277,47]
35 at [278,46]
29 at [277,46]
56 at [277,45]
32 at [270,44]
56 at [270,43]
56 at [285,38]
44 at [268,37]
56 at [268,38]
5 at [274,54]
55 at [274,53]
13 at [276,45]
55 at [275,45]
55 at [270,40]
47 at [284,40]
44 at [284,37]
47 at [284,38]
28 at [286,37]
46 at [286,38]
37 at [284,41]
26 at [288,40]
1 at [288,39]
30 at [287,39]
25 at [285,41]
18 at [286,39]
2 at [285,40]
2 at [285,39]
39 at [284,39]
40 at [283,39]
55 at [282,39]
51 at [267,38]
44 at [266,38]
10 at [266,40]
35 at [266,39]
9 at [267,39]
55 at [268,39]
52 at [257,34]
49 at [255,28]
3 at [256,28]
35 at [256,29]
45 at [255,29]
45 at [254,29]
38 at [253,35]
25 at [252,34]
33 at [253,34]
11 at [253,33]
39 at [254,33]
42 at [254,32]
21 at [253,30]
19 at [254,30]
30 at [254,31]
36 at [255,31]
5 at [256,31]
52 at [256,32]
42 at [260,39]
51 at [259,39]
50 at [258,41]
50 at [256,33]
47 at [258,37]
8 at [256,34]
23 at [256,35]
16 at [257,35]
47 at [257,36]
18 at [261,35]
12 at [260,34]
26 at [260,35]
23 at [258,36]
13 at [260,36]
2 at [259,36]
30 at [259,37]
31 at [259,38]
36 at [258,38]
42 at [257,38]
39 at [255,42]
3 at [254,42]
29 at [254,41]
23 at [254,40]
40 at [255,40]
37 at [256,37]
27 at [255,38]
6 at [256,38]
17 at [256,39]
14 at [256,40]
45 at [256,41]
25 at [257,41]
47 at [257,42]
19 at [258,43]
54 at [258,42]
54 at [271,37]
53 at [262,43]
32 at [265,41]
16 at [265,42]
53 at [264,42]
53 at [272,39]
52 at [274,44]
52 at [279,41]
44 at [273,53]
23 at [273,52]
51 at [272,52]
51 at [270,48]
51 at [272,45]
51 at [272,41]
51 at [278,38]
50 at [273,48]
50 at [274,45]
50 at [278,42]
15 at [271,45]
48 at [271,46]
47 at [277,42]
47 at [279,40]
47 at [275,35]
46 at [282,41]
46 at [275,33]
45 at [273,39]
45 at [275,37]
44 at [279,38]
40 at [280,38]
32 at [280,40]
30 at [282,40]
21 at [281,41]
21 at [281,40]
31 at [281,39]
30 at [280,39]
36 at [279,39]
43 at [278,39]
42 at [274,33]
41 at [272,46]
40 at [274,36]
31 at [273,38]
18 at [273,36]
3 at [272,37]
16 at [273,37]
19 at [274,37]
7 at [274,38]
40 at [275,38]
37 at [278,43]
39 at [277,43]
4 at [274,34]
28 at [275,34]
25 at [276,34]
20 at [277,35]
18 at [276,35]
11 at [277,36]
17 at [276,36]
31 at [276,37]
39 at [276,38]
37 at [275,43]
19 at [271,43]
37 at [272,43]
15 at [278,41]
14 at [277,41]
8 at [278,40]
11 at [277,40]
33 at [277,39]
18 at [276,39]
32 at [275,39]
20 at [276,43]
21 at [276,42]
8 at [275,42]
5 at [275,40]
36 at [275,41]
35 at [272,44]
32 at [274,41]
29 at [274,43]
14 at [273,41]
1 at [273,42]
1 at [273,43]
24 at [273,44]
33 at [273,45]
11 at [272,51]
8 at [272,50]
17 at [271,50]
28 at [271,49]
19 at [274,46]
18 at [273,46]
11 at [273,47]
20 at [272,47]
19 at [271,48]
51 at [271,47]
49 at [267,42]
48 at [267,43]
47 at [263,45]
32 at [270,41]
28 at [269,39]
24 at [269,40]
21 at [268,41]
18 at [269,41]
14 at [269,42]
25 at [268,42]
35 at [268,43]
37 at [268,44]
22 at [270,47]
14 at [269,47]
36 at [269,46]
23 at [269,45]
29 at [268,45]
25 at [267,48]
5 at [267,47]
5 at [268,46]
3 at [267,45]
44 at [266,45]
28 at [266,44]
34 at [265,44]
18 at [264,44]
16 at [262,44]
41 at [263,44]
26 at [263,43]
50 at [263,42]
9 at [263,41]
43 at [262,41]
Easiest tiles cleared:
1 at [214,21]
1 at [228,25]
1 at [227,32]
1 at [252,38]
1 at [241,39]
1 at [288,39]
1 at [224,40]
1 at [273,42]
1 at [228,43]
1 at [273,43]
1 at [241,50]
1 at [256,51]
1 at [231,59]
1 at [267,59]
1 at [241,60]
1 at [261,60]
1 at [268,62]
1 at [238,64]
1 at [229,66]
1 at [249,67]
1 at [274,67]
1 at [240,70]
1 at [237,81]
1 at [239,81]
1 at [231,85]
1 at [232,89]
1 at [223,91]
1 at [306,94]
1 at [244,95]
1 at [303,96]
1 at [244,101]
1 at [238,103]
1 at [218,104]
1 at [272,104]
1 at [303,104]
1 at [240,105]
1 at [276,108]
1 at [285,108]
1 at [298,108]
1 at [242,111]
1 at [241,113]
1 at [228,114]
1 at [311,114]
1 at [216,115]
1 at [303,115]
1 at [221,116]
1 at [237,118]
1 at [278,119]
1 at [310,120]
1 at [213,122]
1 at [302,122]
1 at [306,122]
1 at [317,122]
1 at [220,124]
1 at [312,124]
1 at [268,125]
1 at [255,127]
1 at [290,127]
1 at [307,128]
1 at [284,130]
1 at [328,130]
1 at [242,132]
1 at [264,132]
1 at [286,132]
1 at [231,134]
1 at [268,134]
1 at [305,134]
1 at [253,137]
1 at [298,137]
1 at [305,137]
1 at [262,138]
1 at [298,138]
1 at [322,139]
1 at [365,140]
1 at [187,141]
1 at [267,141]
1 at [296,141]
1 at [364,143]
1 at [254,144]
1 at [306,145]
1 at [321,146]
1 at [316,147]
1 at [223,148]
1 at [316,148]
1 at [348,148]
1 at [195,149]
1 at [346,150]
1 at [167,151]
1 at [184,151]
1 at [317,151]
1 at [187,152]
1 at [243,152]
1 at [320,153]
1 at [161,154]
1 at [162,154]
1 at [166,154]
1 at [307,154]
1 at [375,156]
1 at [163,157]
1 at [368,157]
1 at [314,158]
1 at [308,159]
1 at [332,164]
1 at [335,164]
1 at [342,167]
1 at [343,168]
1 at [374,169]
1 at [317,170]
1 at [322,171]
1 at [363,171]
1 at [314,172]
1 at [322,172]
1 at [355,173]
1 at [369,175]
1 at [373,176]
1 at [371,177]
1 at [293,178]
1 at [344,178]
1 at [370,178]
1 at [297,179]
1 at [302,181]
1 at [365,182]
1 at [378,182]
1 at [300,184]
1 at [304,188]
1 at [347,192]
1 at [373,192]
1 at [383,197]
1 at [376,201]
1 at [382,201]
1 at [383,209]
1 at [384,210]
1 at [390,211]
1 at [396,213]
1 at [395,218]
1 at [406,218]
1 at [483,221]
1 at [387,229]
1 at [479,229]
1 at [399,230]
1 at [385,231]
1 at [479,231]
1 at [484,231]
1 at [453,232]
1 at [435,233]
1 at [451,233]
1 at [442,234]
1 at [481,234]
1 at [494,234]
1 at [420,236]
1 at [387,237]
1 at [476,237]
1 at [500,237]
1 at [363,239]
1 at [474,239]
1 at [449,240]
1 at [487,241]
1 at [505,241]
1 at [524,242]
1 at [417,243]
1 at [392,244]
1 at [402,244]
1 at [430,244]
1 at [371,245]
1 at [347,246]
1 at [350,246]
1 at [408,246]
1 at [469,246]
1 at [495,246]
1 at [511,246]
1 at [505,247]
1 at [507,247]
1 at [526,248]
1 at [385,249]
1 at [438,250]
1 at [489,250]
1 at [495,250]
1 at [397,251]
1 at [491,254]
1 at [369,255]
1 at [402,259]
1 at [402,260]
1 at [468,260]
1 at [386,261]
1 at [381,262]
1 at [406,262]
1 at [382,263]
1 at [490,263]
1 at [453,264]
1 at [331,265]
1 at [407,265]
1 at [474,265]
1 at [414,266]
1 at [468,266]
1 at [451,267]
1 at [343,269]
1 at [392,269]
1 at [368,270]
1 at [432,270]
1 at [461,270]
1 at [373,271]
1 at [394,272]
1 at [402,272]
1 at [377,273]
1 at [372,274]
1 at [437,274]
1 at [444,274]
1 at [446,274]
1 at [470,274]
1 at [391,275]
1 at [371,277]
1 at [371,278]
1 at [427,278]
1 at [354,279]
1 at [373,279]
1 at [428,279]
1 at [438,282]
1 at [463,282]
1 at [406,283]
1 at [432,284]
1 at [408,286]
1 at [376,287]
1 at [356,288]
1 at [415,289]
1 at [382,292]
1 at [435,293]
1 at [461,294]
1 at [354,295]
1 at [404,296]
1 at [389,304]
1 at [441,304]
1 at [458,304]
1 at [451,305]
1 at [380,306]
1 at [448,306]
1 at [430,307]
1 at [461,308]
1 at [243,310]
1 at [478,310]
1 at [431,312]
1 at [427,313]
1 at [469,313]
1 at [356,314]
1 at [434,314]
1 at [394,316]
1 at [458,316]
1 at [375,317]
1 at [384,317]
1 at [435,317]
1 at [227,318]
1 at [395,318]
1 at [225,319]
1 at [395,319]
1 at [368,320]
1 at [385,320]
1 at [473,321]
1 at [225,322]
1 at [227,322]
1 at [452,322]
1 at [379,323]
1 at [447,323]
1 at [458,323]
1 at [233,324]
1 at [351,324]
1 at [352,324]
1 at [375,324]
1 at [460,324]
1 at [221,325]
1 at [443,325]
1 at [462,325]
1 at [243,326]
1 at [251,326]
1 at [254,326]
1 at [238,328]
1 at [478,329]
1 at [386,330]
1 at [227,331]
1 at [229,331]
1 at [249,331]
1 at [327,331]
1 at [207,332]
1 at [238,332]
1 at [242,332]
1 at [335,332]
1 at [202,333]
1 at [452,333]
1 at [374,334]
1 at [405,334]
1 at [459,334]
1 at [394,335]
1 at [463,337]
1 at [239,339]
1 at [247,339]
1 at [368,339]
1 at [396,339]
1 at [471,339]
1 at [327,340]
1 at [375,340]
1 at [382,340]
1 at [449,340]
1 at [366,341]
1 at [323,343]
1 at [460,343]
1 at [326,344]
1 at [263,345]
1 at [316,345]
1 at [330,345]
1 at [372,345]
1 at [197,346]
1 at [416,346]
1 at [445,346]
1 at [198,348]
1 at [263,348]
1 at [323,348]
1 at [302,350]
1 at [422,350]
1 at [466,351]
1 at [433,352]
1 at [298,353]
1 at [417,353]
1 at [205,354]
1 at [242,354]
1 at [473,354]
1 at [196,356]
1 at [288,356]
1 at [405,357]
1 at [473,357]
1 at [197,358]
1 at [294,359]
1 at [450,359]
1 at [236,360]
1 at [455,361]
1 at [334,362]
1 at [480,362]
1 at [317,363]
1 at [474,364]
1 at [201,365]
1 at [385,365]
1 at [293,367]
1 at [360,367]
1 at [347,368]
1 at [364,368]
1 at [230,369]
1 at [368,369]
1 at [380,369]
1 at [480,369]
1 at [203,371]
1 at [236,372]
1 at [386,372]
1 at [424,372]
1 at [457,372]
1 at [470,372]
1 at [380,373]
1 at [417,373]
1 at [195,374]
1 at [458,374]
1 at [234,375]
1 at [331,375]
1 at [240,377]
1 at [329,377]
1 at [350,377]
1 at [380,378]
1 at [385,379]
1 at [461,379]
1 at [386,380]
1 at [323,381]
1 at [343,381]
1 at [241,382]
1 at [186,383]
1 at [343,384]
1 at [337,385]
1 at [186,386]
1 at [374,386]
1 at [181,387]
1 at [338,387]
1 at [339,388]
1 at [478,388]
1 at [329,389]
1 at [471,389]
1 at [430,390]
1 at [278,395]
1 at [348,395]
1 at [368,395]
1 at [427,396]
1 at [437,396]
1 at [359,397]
1 at [252,399]
1 at [358,399]
1 at [434,400]
1 at [245,401]
1 at [327,401]
1 at [255,402]
1 at [284,402]
1 at [308,402]
1 at [306,403]
1 at [308,403]
1 at [324,403]
1 at [375,403]
1 at [468,403]
1 at [301,405]
1 at [278,406]
1 at [370,406]
1 at [376,406]
1 at [449,407]
1 at [280,410]
1 at [282,411]
1 at [318,413]
1 at [265,414]
1 at [326,414]
1 at [299,415]
1 at [307,416]
1 at [436,416]
1 at [263,417]
1 at [302,417]
1 at [309,417]
1 at [457,417]
1 at [302,418]
1 at [434,418]
1 at [301,419]
1 at [309,420]
1 at [335,420]
1 at [452,421]
1 at [466,422]
1 at [432,423]
1 at [529,423]
1 at [450,424]
1 at [322,425]
1 at [288,427]
1 at [474,427]
1 at [304,428]
1 at [474,428]
1 at [250,430]
1 at [259,430]
1 at [459,430]
1 at [472,430]
1 at [248,431]
1 at [307,431]
1 at [339,431]
1 at [528,431]
1 at [246,432]
1 at [303,432]
1 at [328,432]
1 at [343,432]
1 at [463,432]
1 at [474,432]
1 at [477,432]
1 at [479,432]
1 at [319,433]
1 at [333,433]
1 at [461,434]
1 at [309,435]
1 at [473,436]
1 at [303,439]
1 at [326,440]
1 at [350,440]
1 at [516,440]
1 at [354,441]
1 at [449,441]
1 at [465,441]
1 at [483,441]
1 at [523,441]
1 at [352,442]
1 at [510,442]
1 at [526,442]
1 at [519,444]
1 at [538,445]
1 at [315,446]
1 at [332,446]
1 at [460,447]
1 at [461,447]
1 at [303,448]
1 at [322,448]
1 at [448,448]
1 at [462,448]
1 at [491,449]
1 at [497,449]
1 at [338,450]
1 at [494,450]
1 at [349,453]
1 at [489,453]
1 at [508,453]
1 at [513,454]
1 at [478,455]
1 at [508,456]
1 at [519,456]
1 at [519,457]
1 at [313,458]
1 at [463,458]
1 at [492,459]
1 at [505,459]
1 at [284,461]
1 at [499,462]
1 at [479,463]
1 at [504,463]
1 at [460,465]
1 at [480,465]
1 at [494,465]
1 at [294,466]
1 at [492,468]
1 at [352,469]
1 at [485,469]
1 at [480,470]
1 at [497,470]
1 at [327,471]
1 at [484,471]
1 at [488,472]
1 at [485,473]
1 at [283,474]
1 at [340,474]
1 at [317,475]
1 at [346,475]
1 at [320,479]
1 at [331,479]
1 at [490,480]
1 at [508,480]
1 at [322,482]
1 at [340,483]
1 at [478,485]
1 at [315,486]
1 at [323,486]
1 at [309,487]
1 at [499,488]
1 at [321,489]
1 at [342,490]
1 at [354,490]
1 at [503,490]
1 at [512,490]
1 at [301,491]
1 at [355,492]
1 at [489,492]
1 at [525,492]
1 at [306,493]
1 at [499,493]
1 at [509,493]
1 at [454,494]
1 at [306,495]
1 at [449,495]
1 at [530,495]
1 at [353,497]
1 at [313,499]
1 at [456,499]
1 at [394,500]
1 at [456,501]
1 at [381,503]
1 at [356,505]
1 at [558,506]
1 at [326,507]
1 at [469,507]
1 at [311,508]
1 at [533,508]
1 at [382,509]
1 at [399,509]
1 at [463,509]
1 at [491,509]
1 at [525,510]
1 at [544,511]
1 at [342,512]
1 at [415,512]
1 at [512,512]
1 at [466,513]
1 at [521,513]
1 at [479,514]
1 at [550,514]
1 at [351,515]
1 at [388,515]
1 at [502,515]
1 at [561,515]
1 at [392,516]
1 at [346,517]
1 at [420,517]
1 at [455,517]
1 at [378,518]
1 at [393,518]
1 at [394,518]
1 at [436,519]
1 at [526,519]
1 at [333,520]
1 at [336,520]
1 at [392,520]
1 at [447,520]
1 at [480,520]
1 at [408,521]
1 at [533,522]
1 at [375,523]
1 at [405,523]
1 at [533,523]
1 at [507,524]
1 at [456,525]
1 at [466,526]
1 at [385,527]
1 at [408,527]
1 at [470,527]
1 at [376,528]
1 at [379,529]
1 at [321,530]
1 at [328,530]
1 at [366,530]
1 at [421,530]
1 at [455,530]
1 at [514,530]
1 at [414,531]
1 at [440,531]
1 at [467,531]
1 at [321,532]
1 at [438,533]
1 at [459,533]
1 at [253,535]
1 at [377,535]
1 at [447,535]
1 at [489,535]
1 at [457,536]
1 at [498,539]
1 at [289,540]
1 at [347,540]
1 at [462,540]
1 at [290,541]
1 at [317,541]
1 at [487,541]
1 at [541,541]
1 at [261,542]
1 at [459,542]
1 at [475,542]
1 at [345,543]
1 at [538,543]
1 at [246,544]
1 at [346,544]
1 at [442,544]
1 at [465,544]
1 at [517,544]
1 at [536,544]
1 at [448,545]
1 at [238,546]
1 at [382,546]
1 at [484,546]
1 at [504,546]
1 at [272,547]
1 at [456,547]
1 at [477,547]
1 at [521,548]
1 at [234,549]
1 at [313,550]
1 at [401,550]
1 at [476,550]
1 at [495,550]
1 at [454,551]
1 at [255,552]
1 at [329,552]
1 at [449,552]
1 at [452,552]
1 at [228,554]
1 at [323,554]
1 at [445,554]
1 at [299,555]
1 at [427,555]
1 at [312,556]
1 at [400,556]
1 at [418,556]
1 at [440,556]
1 at [248,557]
1 at [285,557]
1 at [235,558]
1 at [409,558]
1 at [426,558]
1 at [488,558]
1 at [248,559]
1 at [266,559]
1 at [432,559]
1 at [228,560]
1 at [326,560]
1 at [255,562]
1 at [260,562]
1 at [373,562]
1 at [499,562]
1 at [506,562]
1 at [515,562]
1 at [224,563]
1 at [265,563]
1 at [268,563]
1 at [272,563]
1 at [458,563]
1 at [524,564]
1 at [283,565]
1 at [258,566]
1 at [467,566]
1 at [509,566]
1 at [265,567]
1 at [247,569]
1 at [380,570]
1 at [485,570]
1 at [539,570]
1 at [245,571]
1 at [252,571]
1 at [341,571]
1 at [380,571]
1 at [389,571]
1 at [512,571]
1 at [313,572]
1 at [478,572]
1 at [529,572]
1 at [255,573]
1 at [505,573]
1 at [343,574]
1 at [487,574]
1 at [482,575]
1 at [497,575]
1 at [498,575]
1 at [456,576]
1 at [470,576]
1 at [483,576]
1 at [490,577]
1 at [494,577]
1 at [498,577]
1 at [502,577]
1 at [497,578]
1 at [535,578]
1 at [336,579]
1 at [460,579]
1 at [501,580]
1 at [338,581]
1 at [369,581]
1 at [484,582]
1 at [463,583]
1 at [237,584]
1 at [460,584]
1 at [252,586]
1 at [494,589]
1 at [501,593]
1 at [493,603]
1 at [490,604]
1 at [492,604]
1 at [512,606]
1 at [495,611]
1 at [504,611]
1 at [505,613]
1 at [506,614]
1 at [507,614]
1 at [517,620]
2 at [206,7]
2 at [229,28]
2 at [220,29]
2 at [219,30]
2 at [230,34]
2 at [235,35]
2 at [259,36]
2 at [242,37]
2 at [249,39]
2 at [285,39]
2 at [285,40]
2 at [259,42]
2 at [245,49]
2 at [277,49]
2 at [277,51]
2 at [256,52]
2 at [242,55]
2 at [257,57]
2 at [234,60]
2 at [246,66]
2 at [224,70]
2 at [237,77]
2 at [223,78]
2 at [237,83]
2 at [279,97]
2 at [223,98]
2 at [242,98]
2 at [279,98]
2 at [299,99]
2 at [224,100]
2 at [300,102]
2 at [284,105]
2 at [274,106]
2 at [281,106]
2 at [294,108]
2 at [298,109]
2 at [263,111]
2 at [312,112]
2 at [274,114]
2 at [217,115]
2 at [224,117]
2 at [302,118]
2 at [301,122]
2 at [317,124]
2 at [210,126]
2 at [283,126]
2 at [290,128]
2 at [305,128]
2 at [220,129]
2 at [328,129]
2 at [283,132]
2 at [298,133]
2 at [254,134]
2 at [301,134]
2 at [295,135]
2 at [265,136]
2 at [224,137]
2 at [282,137]
2 at [233,139]
2 at [323,140]
2 at [364,140]
2 at [219,141]
2 at [253,141]
2 at [299,142]
2 at [170,144]
2 at [318,144]
2 at [253,146]
2 at [299,146]
2 at [316,146]
2 at [235,147]
2 at [315,147]
2 at [323,147]
2 at [300,149]
2 at [301,149]
2 at [163,150]
2 at [187,150]
2 at [315,150]
2 at [165,152]
2 at [300,152]
2 at [306,152]
2 at [193,153]
2 at [188,154]
2 at [339,154]
2 at [366,154]
2 at [341,156]
2 at [347,156]
2 at [314,157]
2 at [355,157]
2 at [330,160]
2 at [332,160]
2 at [351,160]
2 at [354,161]
2 at [317,165]
2 at [318,168]
2 at [316,169]
2 at [321,169]
2 at [312,172]
2 at [372,175]
2 at [346,180]
2 at [356,180]
2 at [369,180]
2 at [304,181]
2 at [369,181]
2 at [362,182]
2 at [363,182]
2 at [352,189]
2 at [386,198]
2 at [375,200]
2 at [385,210]
2 at [399,211]
2 at [397,214]
2 at [399,222]
2 at [400,227]
2 at [403,230]
2 at [401,232]
2 at [465,232]
2 at [493,232]
2 at [405,233]
2 at [397,234]
2 at [402,234]
2 at [499,234]
2 at [403,238]
2 at [447,238]
2 at [519,238]
2 at [470,239]
2 at [361,240]
2 at [433,240]
2 at [431,241]
2 at [490,241]
2 at [404,242]
2 at [502,242]
2 at [440,243]
2 at [474,243]
2 at [348,244]
2 at [518,244]
2 at [356,245]
2 at [394,247]
2 at [430,249]
2 at [420,251]
2 at [368,252]
2 at [486,252]
2 at [341,254]
2 at [354,254]
2 at [487,254]
2 at [346,255]
2 at [520,255]
2 at [486,256]
2 at [370,257]
2 at [462,258]
2 at [486,258]
2 at [418,259]
2 at [501,259]
2 at [455,260]
2 at [471,260]
2 at [336,261]
2 at [444,261]
2 at [342,262]
2 at [382,262]
2 at [379,263]
2 at [352,264]
2 at [506,264]
2 at [400,265]
2 at [386,268]
2 at [460,268]
2 at [347,270]
2 at [375,270]
2 at [434,270]
2 at [342,273]
2 at [494,275]
2 at [338,276]
2 at [453,276]
2 at [350,277]
2 at [389,277]
2 at [419,277]
2 at [388,279]
2 at [393,279]
2 at [420,282]
2 at [430,282]
2 at [370,283]
2 at [390,285]
2 at [458,287]
2 at [408,289]
2 at [405,291]
2 at [414,291]
2 at [438,291]
2 at [430,292]
2 at [392,293]
2 at [408,293]
2 at [362,294]
2 at [464,294]
2 at [441,295]
2 at [442,296]
2 at [385,299]
2 at [393,299]
2 at [435,300]
2 at [382,301]
2 at [401,301]
2 at [404,303]
2 at [462,309]
2 at [393,310]
2 at [342,311]
2 at [464,313]
2 at [352,314]
2 at [471,314]
2 at [233,315]
2 at [366,315]
2 at [436,315]
2 at [343,316]
2 at [432,316]
2 at [378,318]
2 at [228,319]
2 at [465,319]
2 at [358,320]
2 at [224,321]
2 at [322,321]
2 at [398,321]
2 at [470,321]
2 at [211,327]
2 at [458,327]
2 at [461,327]
2 at [335,328]
2 at [379,328]
2 at [208,330]
2 at [243,330]
2 at [365,330]
2 at [367,330]
2 at [424,330]
2 at [211,331]
2 at [390,331]
2 at [459,332]
2 at [211,333]
2 at [344,333]
2 at [446,333]
2 at [336,334]
2 at [363,334]
2 at [372,334]
2 at [388,335]
2 at [337,336]
2 at [378,337]
2 at [382,337]
2 at [409,337]
2 at [475,337]
2 at [200,338]
2 at [221,338]
2 at [342,338]
2 at [353,338]
2 at [354,338]
2 at [406,338]
2 at [408,338]
2 at [429,338]
2 at [222,339]
2 at [227,339]
2 at [378,339]
2 at [355,340]
2 at [378,340]
2 at [353,341]
2 at [381,341]
2 at [364,342]
2 at [389,342]
2 at [216,343]
2 at [263,343]
2 at [467,343]
2 at [392,344]
Hardest tiles cleared:
66 at [501,499]
63 at [501,498]
59 at [501,496]
59 at [391,223]
59 at [391,208]
59 at [394,206]
59 at [334,174]
59 at [365,166]
59 at [364,162]
59 at [347,162]
59 at [354,158]
59 at [348,144]
59 at [347,139]
58 at [495,619]
58 at [492,609]
58 at [485,608]
58 at [492,598]
58 at [502,596]
58 at [497,596]
58 at [256,584]
58 at [491,583]
58 at [464,582]
58 at [332,582]
58 at [252,582]
58 at [516,581]
58 at [497,581]
58 at [487,581]
58 at [340,581]
58 at [536,579]
58 at [532,579]
58 at [475,579]
58 at [361,579]
58 at [255,579]
58 at [242,579]
58 at [509,578]
58 at [471,577]
58 at [326,576]
58 at [319,576]
58 at [504,575]
58 at [381,575]
58 at [256,575]
58 at [233,575]
58 at [230,574]
58 at [382,573]
58 at [234,573]
58 at [247,572]
58 at [244,572]
58 at [509,571]
58 at [478,570]
58 at [341,569]
58 at [262,569]
58 at [372,567]
58 at [362,567]
58 at [255,567]
58 at [479,566]
58 at [505,565]
58 at [268,565]
58 at [526,564]
58 at [260,564]
58 at [408,563]
58 at [365,563]
58 at [325,563]
58 at [277,563]
58 at [431,562]
58 at [366,562]
58 at [419,561]
58 at [338,561]
58 at [334,561]
58 at [245,561]
58 at [456,559]
58 at [409,559]
58 at [312,559]
58 at [259,558]
58 at [239,558]
58 at [467,557]
58 at [370,557]
58 at [379,556]
58 at [400,555]
58 at [291,555]
58 at [289,555]
58 at [376,554]
58 at [379,553]
58 at [357,553]
58 at [514,552]
58 at [437,552]
58 at [358,552]
58 at [508,551]
58 at [492,551]
58 at [279,551]
58 at [240,551]
58 at [469,550]
58 at [340,550]
58 at [312,550]
58 at [323,549]
58 at [249,549]
58 at [520,547]
58 at [511,545]
58 at [372,545]
58 at [538,544]
58 at [473,544]
58 at [360,544]
58 at [454,543]
58 at [310,543]
58 at [514,542]
58 at [486,542]
58 at [392,542]
58 at [361,542]
58 at [506,541]
58 at [484,541]
58 at [383,541]
58 at [319,541]
58 at [293,541]
58 at [535,540]
58 at [475,540]
58 at [389,539]
58 at [369,539]
58 at [329,539]
58 at [534,538]
58 at [522,537]
58 at [440,537]
58 at [353,537]
58 at [492,536]
58 at [478,536]
58 at [442,536]
58 at [346,536]
58 at [530,535]
58 at [371,534]
58 at [349,533]
58 at [336,533]
58 at [322,533]
58 at [467,532]
58 at [463,531]
58 at [472,530]
58 at [414,530]
58 at [459,529]
58 at [429,529]
58 at [485,528]
58 at [417,528]
58 at [343,528]
58 at [443,527]
58 at [415,526]
58 at [409,526]
58 at [354,526]
58 at [411,525]
58 at [456,524]
58 at [402,524]
58 at [507,523]
58 at [413,523]
58 at [535,522]
58 at [447,522]
58 at [427,522]
58 at [498,521]
58 at [404,521]
58 at [393,521]
58 at [365,521]
58 at [334,521]
58 at [464,520]
58 at [434,520]
58 at [358,520]
58 at [450,519]
58 at [388,519]
58 at [480,518]
58 at [412,518]
58 at [482,517]
58 at [448,517]
58 at [448,516]
58 at [382,515]
58 at [382,514]
58 at [559,512]
58 at [554,512]
58 at [553,512]
58 at [518,512]
58 at [324,510]
58 at [466,509]
58 at [326,509]
58 at [557,508]
58 at [516,508]
58 at [348,507]
58 at [313,507]
58 at [335,506]
58 at [355,505]
58 at [320,505]
58 at [385,504]
58 at [344,504]
58 at [375,503]
58 at [372,503]
58 at [376,502]
58 at [310,502]
58 at [383,501]
58 at [366,501]
58 at [355,501]
58 at [358,499]
58 at [346,497]
58 at [353,496]
58 at [316,495]
58 at [450,494]
58 at [316,491]
58 at [306,491]
58 at [357,487]
58 at [346,487]
58 at [339,487]
58 at [487,486]
58 at [353,486]
58 at [530,485]
58 at [346,484]
58 at [314,484]
58 at [519,483]
58 at [309,483]
58 at [373,482]
58 at [369,482]
58 at [321,482]
58 at [311,482]
58 at [483,481]
58 at [328,481]
58 at [304,481]
58 at [503,478]
58 at [485,478]
58 at [352,478]
58 at [312,478]
58 at [296,478]
58 at [301,476]
58 at [484,475]
58 at [487,472]
58 at [491,469]
58 at [511,468]
58 at [485,468]
58 at [305,468]
58 at [488,467]
58 at [279,467]
58 at [501,466]
58 at [316,466]
58 at [465,465]
58 at [341,465]
58 at [317,465]
58 at [285,465]
58 at [329,462]
58 at [316,462]
58 at [530,461]
58 at [483,461]
58 at [347,461]
58 at [288,461]
58 at [280,461]
58 at [524,460]
58 at [519,460]
58 at [532,459]
58 at [305,459]
58 at [506,456]
58 at [533,455]
58 at [509,455]
58 at [500,455]
58 at [479,455]
58 at [310,455]
58 at [308,455]
58 at [517,454]
58 at [325,454]
58 at [466,453]
58 at [535,452]
58 at [349,452]
58 at [533,451]
58 at [501,451]
58 at [472,451]
58 at [465,451]
58 at [330,450]
58 at [467,448]
58 at [339,448]
58 at [317,448]
58 at [507,447]
58 at [493,447]
58 at [508,445]
58 at [441,445]
58 at [505,444]
58 at [303,444]
58 at [538,443]
58 at [537,442]
58 at [456,442]
58 at [472,439]
58 at [310,439]
58 at [308,439]
58 at [511,438]
58 at [441,437]
58 at [366,437]
58 at [355,436]
58 at [520,435]
58 at [369,435]
58 at [359,434]
58 at [473,433]
58 at [320,432]
58 at [323,431]
58 at [370,430]
58 at [317,430]
58 at [439,429]
58 at [530,428]
58 at [488,427]
58 at [485,427]
58 at [248,427]
58 at [354,425]
58 at [526,424]
58 at [301,424]
58 at [265,424]
58 at [490,423]
58 at [434,422]
58 at [356,421]
58 at [478,420]
58 at [460,420]
58 at [332,420]
58 at [292,420]
58 at [479,419]
58 at [452,419]
58 at [300,419]
58 at [261,419]
58 at [316,418]
58 at [294,418]
58 at [434,417]
58 at [286,417]
58 at [360,416]
58 at [308,416]
58 at [439,414]
58 at [323,414]
58 at [298,414]
58 at [357,413]
58 at [353,412]
58 at [294,411]
58 at [371,409]
58 at [240,409]
58 at [231,409]
58 at [474,408]
58 at [289,408]
58 at [439,407]
58 at [460,406]
58 at [441,406]
58 at [374,406]
58 at [272,406]
58 at [250,406]
58 at [235,406]
58 at [347,405]
58 at [279,404]
58 at [305,403]
58 at [346,402]
58 at [272,401]
58 at [440,399]
58 at [237,399]
58 at [457,397]
58 at [460,396]
58 at [264,395]
58 at [450,394]
58 at [447,394]
58 at [357,394]
58 at [333,393]
58 at [471,392]
58 at [346,392]
58 at [336,392]
58 at [335,391]
58 at [441,390]
58 at [473,388]
58 at [268,388]
58 at [259,388]
58 at [451,387]
58 at [183,387]
58 at [337,386]
58 at [330,385]
58 at [185,385]
58 at [477,384]
58 at [475,383]
58 at [379,382]
58 at [444,381]
58 at [254,381]
58 at [242,381]
58 at [241,381]
58 at [374,379]
58 at [483,378]
58 at [385,378]
58 at [475,377]
58 at [345,376]
58 at [391,375]
58 at [478,374]
58 at [307,374]
58 at [390,373]
58 at [248,373]
58 at [465,372]
58 at [422,372]
58 at [374,372]
58 at [422,371]
58 at [397,371]
58 at [361,371]
58 at [355,371]
58 at [469,370]
58 at [467,370]
58 at [389,370]
58 at [334,370]
58 at [391,369]
58 at [456,368]
58 at [337,368]
58 at [297,368]
58 at [443,367]
58 at [312,366]
58 at [191,366]
58 at [246,365]
58 at [448,364]
58 at [321,363]
58 at [409,362]
58 at [403,362]
58 at [199,362]
58 at [397,361]
58 at [451,360]
58 at [357,360]
58 at [294,360]
58 at [470,359]
58 at [395,359]
58 at [454,358]
58 at [435,358]
58 at [233,358]
58 at [359,357]
58 at [298,357]
58 at [470,355]
58 at [430,355]
58 at [282,355]
58 at [465,354]
58 at [336,354]
58 at [240,354]
58 at [185,354]
58 at [469,352]
58 at [237,352]
58 at [226,352]
58 at [397,351]
58 at [198,351]
58 at [425,350]
58 at [335,350]
58 at [378,349]
58 at [376,349]
58 at [245,349]
58 at [177,349]
58 at [471,348]
58 at [465,348]
58 at [423,348]
58 at [382,347]
58 at [296,347]
58 at [246,347]
58 at [331,346]
58 at [196,346]
58 at [391,345]
58 at [387,345]
58 at [199,345]
58 at [191,345]
58 at [288,344]
58 at [406,343]
58 at [383,343]
58 at [229,343]
58 at [202,343]
58 at [341,342]
58 at [338,342]
58 at [288,342]
58 at [273,342]
58 at [232,342]
58 at [188,342]
58 at [390,341]
58 at [255,341]
58 at [252,341]
58 at [236,341]
58 at [235,341]
58 at [459,340]
58 at [259,340]
58 at [458,338]
58 at [359,338]
58 at [211,338]
58 at [461,337]
58 at [363,337]
58 at [453,336]
58 at [423,336]
58 at [394,336]
58 at [381,336]
58 at [370,336]
58 at [356,336]
58 at [338,336]
58 at [447,335]
58 at [440,335]
58 at [419,335]
58 at [384,335]
58 at [196,335]
58 at [200,334]
58 at [469,333]
58 at [437,333]
58 at [354,333]
58 at [200,333]
58 at [221,332]
58 at [467,331]
58 at [433,331]
58 at [251,331]
58 at [215,331]
58 at [201,331]
58 at [408,330]
58 at [372,330]
58 at [432,329]
58 at [439,328]
58 at [370,328]
58 at [364,328]
58 at [344,328]
58 at [441,327]
58 at [349,326]
58 at [234,326]
58 at [470,323]
58 at [390,323]
58 at [433,321]
58 at [476,320]
58 at [380,320]
58 at [369,320]
58 at [397,319]
58 at [386,319]
58 at [351,319]
58 at [488,317]
58 at [478,317]
58 at [368,317]
58 at [343,317]
58 at [465,316]
58 at [365,316]
58 at [469,315]
58 at [430,315]
58 at [239,315]
58 at [461,313]
58 at [377,313]
58 at [342,312]
58 at [234,312]
58 at [398,311]
58 at [377,311]
58 at [230,311]
58 at [383,308]
58 at [425,307]
58 at [402,306]
58 at [355,306]
58 at [437,305]
58 at [461,304]
58 at [385,304]
58 at [448,303]
58 at [444,302]
58 at [459,301]
58 at [398,298]
58 at [359,298]
58 at [391,297]
58 at [452,296]
58 at [421,296]
58 at [397,296]
58 at [384,296]
58 at [365,295]
58 at [353,295]
58 at [437,294]
58 at [417,293]
58 at [351,293]
58 at [423,292]
58 at [396,292]
58 at [415,291]
58 at [352,288]
58 at [382,287]
58 at [354,287]
58 at [361,286]
58 at [456,284]
58 at [383,283]
58 at [377,283]
58 at [338,283]
58 at [401,282]
58 at [396,282]
58 at [347,279]
58 at [440,278]
58 at [405,278]
58 at [403,278]
58 at [464,277]
58 at [462,277]
58 at [372,276]
58 at [448,274]
58 at [427,274]
58 at [455,273]
58 at [440,273]
58 at [433,273]
58 at [362,273]
58 at [423,271]
58 at [444,269]
58 at [403,269]
58 at [357,269]
58 at [472,268]
58 at [426,267]
58 at [485,266]
58 at [445,265]
58 at [434,265]
58 at [479,262]
58 at [420,260]
58 at [407,260]
58 at [460,259]
58 at [359,259]
58 at [338,259]
58 at [476,257]
58 at [522,256]
58 at [477,256]
58 at [353,256]
58 at [364,254]
58 at [508,253]
58 at [498,253]
58 at [372,252]
58 at [519,250]
58 at [414,250]
58 at [367,250]
58 at [422,245]
58 at [517,244]
58 at [351,243]
58 at [485,242]
58 at [361,242]
58 at [429,241]
58 at [422,240]
58 at [395,240]
58 at [505,239]
58 at [428,239]
58 at [392,239]
58 at [483,238]
58 at [452,238]
58 at [395,238]
58 at [480,236]
58 at [362,235]
58 at [395,234]
58 at [444,233]
58 at [362,232]
58 at [389,218]
58 at [395,214]
58 at [388,207]
58 at [387,207]
58 at [351,205]
58 at [392,200]
58 at [383,200]
58 at [391,199]
58 at [375,199]
58 at [375,194]
58 at [347,193]
58 at [378,190]
58 at [350,189]
58 at [379,188]
58 at [374,185]
58 at [360,179]
58 at [380,178]
58 at [363,174]
58 at [363,170]
58 at [362,170]
58 at [346,165]
58 at [365,163]
58 at [352,156]
58 at [343,153]
58 at [360,144]
58 at [368,138]
58 at [348,138]
58 at [369,136]
58 at [324,123]
58 at [244,39]
58 at [272,36]
58 at [278,35]
58 at [247,34]
57 at [508,617]
57 at [515,615]
57 at [479,610]
57 at [497,609]
57 at [494,607]
57 at [485,604]
57 at [493,600]
57 at [252,588]
57 at [253,586]
57 at [234,585]
57 at [483,583]
57 at [523,582]
57 at [493,582]
57 at [360,582]
57 at [467,581]
57 at [534,580]
57 at [493,580]
57 at [488,580]
57 at [340,580]
57 at [328,580]
57 at [327,579]
57 at [498,578]
57 at [329,578]
57 at [541,577]
57 at [352,577]
57 at [338,577]
57 at [356,576]
57 at [309,576]
57 at [472,575]
57 at [239,575]
57 at [473,574]
57 at [352,574]
57 at [536,573]
57 at [386,573]
57 at [257,572]
57 at [513,571]
57 at [510,571]
57 at [338,571]
57 at [246,571]
57 at [243,571]
57 at [229,571]
57 at [451,570]
57 at [450,570]
57 at [464,569]
57 at [542,568]
57 at [504,567]
57 at [477,567]
57 at [429,567]
57 at [422,567]
57 at [324,567]
57 at [245,567]
57 at [507,566]
57 at [499,566]
57 at [339,566]
57 at [259,565]
57 at [503,564]
57 at [500,564]
57 at [244,564]
57 at [223,564]
57 at [275,563]
57 at [467,562]
57 at [232,562]
57 at [512,561]
57 at [509,561]
57 at [433,561]
57 at [373,561]
57 at [370,560]
57 at [319,560]
57 at [406,559]
57 at [268,557]
57 at [509,556]
57 at [367,556]
57 at [467,555]
57 at [430,555]
57 at [453,554]
57 at [448,554]
57 at [226,554]
57 at [447,553]
57 at [510,551]
57 at [490,551]
57 at [402,551]
57 at [285,551]
57 at [255,551]
57 at [223,551]
57 at [511,550]
57 at [502,549]
57 at [374,547]
57 at [317,547]
57 at [389,546]
57 at [314,545]
57 at [240,545]
57 at [486,544]
57 at [455,544]
57 at [243,544]
57 at [507,542]
57 at [374,542]
57 at [355,542]
57 at [494,540]
57 at [491,540]
57 at [477,539]
57 at [392,539]
57 at [342,539]
57 at [459,538]
57 at [386,538]
57 at [318,537]
57 at [501,536]
57 at [312,536]
57 at [513,535]
57 at [420,535]
57 at [313,535]
57 at [370,534]
57 at [475,533]
57 at [453,533]
57 at [499,532]
57 at [417,532]
57 at [404,532]
57 at [328,531]
57 at [394,530]
57 at [515,529]
57 at [418,529]
57 at [523,528]
57 at [469,528]
57 at [526,527]
57 at [494,527]
57 at [383,526]
57 at [485,524]
57 at [523,523]
57 at [446,523]
57 at [380,523]
57 at [377,523]
57 at [415,521]
57 at [501,520]
57 at [523,519]
57 at [515,518]
57 at [344,518]
57 at [520,517]
57 at [519,517]
57 at [505,517]
57 at [377,517]
57 at [364,517]
57 at [354,517]
57 at [541,516]
57 at [506,516]
57 at [399,516]
57 at [557,515]
57 at [461,514]
57 at [439,514]
57 at [545,513]
57 at [539,512]
57 at [535,512]
57 at [460,512]
57 at [444,511]
57 at [376,511]
57 at [554,510]
57 at [538,510]
57 at [496,510]
57 at [338,507]
57 at [535,506]
57 at [482,506]
57 at [555,505]
57 at [522,505]
57 at [333,505]
57 at [386,503]
57 at [337,503]
57 at [562,502]
57 at [554,502]
57 at [450,502]
57 at [334,502]
57 at [376,501]
57 at [342,501]
57 at [310,501]
57 at [512,496]
57 at [311,494]
57 at [302,494]
57 at [307,493]
57 at [490,492]
57 at [365,492]
57 at [522,490]
57 at [312,490]
57 at [361,488]
57 at [357,485]
57 at [344,485]
57 at [317,485]
57 at [535,482]
57 at [479,482]
57 at [329,482]
57 at [357,481]
57 at [322,481]
57 at [516,480]
57 at [351,480]
57 at [293,480]
57 at [492,479]
57 at [479,479]
57 at [499,478]
57 at [337,477]
57 at [331,477]
57 at [478,476]
57 at [513,475]
57 at [486,475]
57 at [338,475]
57 at [335,475]
57 at [512,474]
57 at [480,474]
57 at [479,474]
57 at [298,474]
57 at [327,473]
57 at [299,473]
57 at [285,473]
57 at [511,472]
57 at [474,472]
57 at [511,471]
57 at [495,470]
57 at [489,470]
57 at [345,467]
57 at [341,467]
57 at [477,466]
57 at [278,466]
57 at [489,465]
57 at [535,464]
57 at [475,461]
57 at [343,461]
57 at [507,459]
57 at [488,459]
57 at [345,459]
57 at [327,458]
57 at [493,457]
57 at [483,456]
57 at [325,455]
57 at [319,454]
57 at [516,453]
57 at [322,453]
57 at [314,453]
57 at [306,453]
57 at [298,453]
57 at [474,452]
57 at [499,451]
57 at [319,451]
57 at [528,449]
57 at [516,449]
57 at [448,449]
57 at [439,449]
57 at [347,449]
57 at [449,447]
57 at [445,447]
57 at [469,446]
57 at [460,446]
57 at [337,446]
57 at [323,446]
57 at [448,445]
57 at [481,444]
57 at [301,444]
57 at [351,443]
57 at [524,442]
57 at [536,440]
57 at [511,440]
57 at [320,440]
57 at [435,438]
57 at [511,437]
57 at [501,437]
57 at [350,437]
57 at [533,436]
57 at [323,436]
57 at [483,435]
57 at [439,435]
57 at [352,434]
57 at [466,432]
57 at [443,432]
57 at [321,432]
57 at [469,431]
57 at [463,431]
57 at [343,431]
57 at [528,430]
57 at [302,430]
57 at [354,428]
57 at [531,427]
57 at [372,427]
57 at [430,426]
57 at [261,426]
57 at [480,425]
57 at [464,424]
57 at [319,424]
57 at [317,424]
57 at [530,423]
57 at [305,423]
57 at [436,422]
57 at [303,422]
57 at [271,421]
57 at [485,420]
57 at [334,420]
57 at [358,419]
57 at [330,419]
57 at [331,418]
57 at [307,418]
57 at [447,417]
57 at [323,417]
57 at [304,417]
57 at [293,417]
57 at [320,416]
57 at [286,416]
57 at [259,416]
57 at [447,415]
57 at [446,415]
57 at [482,414]
57 at [252,414]
57 at [298,413]
57 at [288,413]
57 at [474,412]
57 at [489,411]
57 at [476,411]
57 at [463,411]
57 at [440,411]
57 at [364,411]
57 at [303,409]
57 at [233,409]
57 at [251,408]
57 at [428,402]
57 at [307,402]
57 at [466,401]
57 at [438,401]
57 at [282,401]
57 at [251,401]
57 at [284,400]
57 at [440,398]
57 at [373,397]
57 at [277,397]
57 at [442,396]
57 at [440,396]
57 at [360,396]
57 at [330,396]
57 at [358,395]
57 at [236,395]
57 at [187,395]
57 at [377,394]
57 at [345,394]
57 at [321,394]
57 at [441,392]
57 at [439,392]
57 at [186,391]
57 at [180,391]
57 at [446,390]
57 at [427,390]
57 at [321,390]
57 at [257,389]
57 at [476,388]
57 at [185,388]
57 at [185,386]
57 at [375,385]
57 at [457,383]
57 at [256,382]
57 at [252,382]
