M
Size: 11
Start: 5 5
   38   32   94   55    2   21   10   12   47   30    0
   38   38   58   86    4   43   66   86   46    5    6
   11   26   52   96   42   53   85   90    0   32   48
   28   66   74   24   60   80   68   92   63   81   89
   23   26   15   26   78   91   11   98   57   62   61
   68   24   59    1   34   69   41  100   37   89   77
    8   29   61   52   42   73   58   98   98   82   65
   37   25    0    8   32   21   66   30   58   59  100
   85   48   46   35   30   79   46   45   19    7   31
   85   38   75   57   38   62   84   84   69   91   12
   20   75   99   17   31   60   56   38   25   49   60
